10000
10001
10005
10010
100
1022
1024
1025
1026
1027
1028
1029
1030
1031
1033
1035
1036
1037
1038
1039
1042
1044
1048
1049
1050
1053
1054
1056
1058
1059
1064
1065
1066
1069
106
1071
1074
1080
110
1110
111
11371
113
1214
1220
1234
13013
1311
1314
1344
13666
13722
139
143
144
14534
1494
15000
1503
1610
1611
161
1723
17988
179
1801
18264
1830
1900
1998
19
1
2000
2001
2002
2003
2005
2030
2064
2103
2107
2121
2160
2161
21
22
2306
2383
2396
23
2525
254
255
25
2601
26
2715
2717
280
2869
3000
3002
3052
311
3128
31337
32768
32771
3280
3306
3372
3531
3689
3690
3703
3872
3986
3
4000
4001
40193
443
4443
4444
444
445
4567
464
465
4660
4711
49152
49157
497
50000
5000
5001
50030
5003
5050
5051
505
5060
5101
5120
514
515
5190
5222
5269
5280
5357
540
5427
5432
544
554
55555
5631
5666
5800
5801
5802
5803
5900
5901
591
593
6004
6103
620
625
631
6346
646
6544
6600
6646
6699
6969
7002
7007
7070
70
7100
7180
7402
7776
783
787
7937
7938
79
8000
8001
8002
8003
8004
8005
8006
8007
8008
8009
8010
8031
8080
8081
8082
8083
8084
8085
8088
808
80
8118
8181
81
82
83
8443
84
85
873
8880
8881
8882
8883
8884
8885
8886
8887
8888
888
88
898
9000
9001
900
901
902
9030
9050
9080
9090
990
993
995
9999
9
